6032
6073
6291
6610
6033
1700960
1700961
1700950
1700962
1700300
1700301
1700900
1700901
1700902
1700903
1700302
1700100
-1
-1
1700103
1700102
1700101
-1
-1
-1
-1
-1
-1
-1
-1
1700510
-1
-1
-1
-1
1700904
1700905
1700906
1700907
1700500
1700501
1700502
1700400
1700401
1700200
-1
-1
-1
-1
-1
-1
-1
-1
-1
-1
-1
-1
-1
-1
-1
-1
-1
-1
-1
-1
-1
-1
-1
-1
-1
-1
-1
-1
-1
-1
-1
-1
-1
-1
-1
-1
-1
-1
-1
-1
-1
-1
1700350
1700351
1700352
1700250
1700251
1700252
1700253
1700254
1700255
1700450
1700451
1700452
1700453
1700110
1700111
1700112
1700150
1700151
1700120
1700116
1700117
1700118
1700113
1700114
1700115
1700908
1700909
1700190
1700191
1703900
1703910
1703902
1703901
1703911
1703912
1700700
1700800
1700801